[1106, 2]
[1105, 2]
[1104, 3]
[1103, 4]
[1102, 5]
[1101, 6]
[1100, 7]
[1099, 7]
[1098, 8]
[1097, 9]
[1096, 10]
[1095, 11]
[1094, 12]
[1093, 13]
[1092, 13]
[1091, 14]
[1090, 15]
[1089, 16]
[1088, 17]
[1087, 18]
[1086, 19]
[1085, 19]
[1084, 20]
[1083, 21]
[1082, 21]
[1081, 22]
[1080, 23]
[1079, 24]
[1078, 25]
[1077, 26]
[1076, 27]
[1075, 27]
[1074, 28]
[1073, 29]
[1072, 30]
[1071, 31]
[1070, 31]
[1069, 32]
[1068, 33]
[1067, 34]
[1066, 35]
[1065, 36]
[1064, 36]
[1063, 37]
[1062, 38]
[1061, 39]
[1060, 40]
[1059, 40]
[1058, 41]
[1057, 42]
[1056, 43]
[1055, 44]
[1054, 45]
[1053, 46]
[1052, 46]
[1051, 47]
[1050, 48]
[1049, 49]
[1048, 50]
[1047, 50]
[1046, 51]
[1045, 52]
[1044, 53]
[1043, 53]
[1042, 54]
[1041, 55]
[1040, 56]
[1039, 57]
[1038, 58]
[1037, 59]
[1036, 60]
[1035, 60]
[1034, 61]
[1033, 62]
[1032, 63]
[1031, 64]
[1030, 64]
[1029, 65]
[1028, 66]
[1027, 67]
[1026, 68]
[1025, 69]
[1024, 70]
[1023, 70]
[1022, 71]
[1021, 72]
[1020, 73]
[1019, 73]
[1018, 74]
[1017, 75]
[1016, 76]
[1015, 77]
[1014, 78]
[1013, 79]
[1012, 79]
[1011, 80]
[1010, 81]
[1009, 82]
[1008, 83]
[1007, 84]
[1006, 84]
[1005, 85]
[1004, 86]
[1003, 87]
[1002, 87]
[1001, 88]
[1000, 89]
[999, 90]
[998, 91]
[997, 92]
[996, 92]
[995, 93]
[994, 94]
[993, 95]
[992, 96]
[991, 97]
[990, 97]
[989, 98]
[988, 99]
[987, 99]
[986, 100]
[985, 101]
[984, 102]
[983, 103]
[982, 104]
[981, 105]
[980, 105]
[979, 106]
[978, 107]
[977, 108]
[976, 109]
[975, 109]
[974, 110]
[973, 111]
[972, 112]
[971, 113]
[970, 114]
[969, 115]
[968, 115]
[967, 116]
[966, 117]
[965, 118]
[964, 119]
[963, 119]
[962, 120]
[961, 121]
[960, 122]
[959, 123]
[958, 124]
[957, 125]
[956, 125]
[955, 126]
[954, 127]
[953, 128]
[952, 129]
[951, 129]
[950, 130]
[949, 131]
[948, 132]
[947, 132]
[946, 133]
[945, 134]
[944, 135]
[943, 136]
[942, 137]
[941, 138]
[940, 138]
[939, 139]
[938, 140]
[937, 141]
[936, 142]
[935, 143]
[934, 143]
[933, 144]
[932, 145]
[931, 146]
[930, 147]
[929, 148]
[928, 148]
[927, 149]
[926, 150]
[925, 151]
[924, 152]
[923, 152]
[922, 153]
[921, 154]
[920, 155]
[919, 156]
[918, 157]
[917, 158]
[916, 158]
[915, 159]
[914, 160]
[913, 161]
[912, 162]
[911, 163]
[910, 163]
[909, 164]
[908, 164]
[907, 165]
[906, 166]
[905, 167]
[904, 168]
[903, 169]
[902, 170]
[901, 170]
[900, 171]
[899, 172]
[898, 173]
[897, 174]
[896, 175]
[895, 176]
[894, 176]
[893, 177]
[892, 178]
[891, 179]
[890, 180]
[889, 181]
[888, 182]
[887, 182]
[886, 183]
[885, 184]
[884, 184]
[883, 185]
[882, 186]
[881, 187]
[880, 188]
[879, 189]
[878, 190]
[877, 190]
[876, 191]
[875, 192]
[874, 193]
[873, 193]
[872, 194]
[871, 195]
[870, 196]
[869, 197]
[868, 198]
[867, 198]
[866, 199]
[865, 200]
[864, 201]
[863, 202]
[862, 203]
[861, 203]
[860, 204]
[859, 205]
[858, 206]
[857, 207]
[856, 207]
[855, 208]
[854, 209]
[853, 210]
[852, 211]
[851, 212]
[850, 213]
[849, 213]
[848, 214]
[847, 215]
[846, 216]
[845, 217]
[844, 217]
[843, 218]
[842, 219]
[841, 220]
[840, 221]
[839, 221]
[838, 222]
[837, 223]
[836, 224]
[835, 225]
[834, 226]
[833, 227]
[832, 227]
[831, 228]
[830, 229]
[829, 230]
[828, 230]
[827, 231]
[826, 232]
[825, 233]
[824, 234]
[823, 235]
[822, 235]
[821, 236]
[820, 237]
[819, 238]
[818, 239]
[817, 240]
[816, 241]
[815, 241]
[814, 242]
[813, 243]
[812, 244]
[811, 245]
[810, 246]
[809, 247]
[808, 247]
[807, 248]
[806, 249]
[805, 249]
[804, 250]
[803, 251]
[802, 252]
[801, 253]
[800, 254]
[799, 254]
[798, 255]
[797, 256]
[796, 257]
[795, 258]
[794, 259]
[793, 260]
[792, 260]
[791, 261]
[790, 262]
[789, 262]
[788, 263]
[787, 264]
[786, 265]
[785, 266]
[784, 267]
[783, 268]
[782, 268]
[781, 269]
[780, 270]
[779, 271]
[778, 272]
[777, 272]
[776, 273]
[775, 274]
[774, 275]
[773, 276]
[772, 277]
[771, 277]
[770, 278]
[769, 279]
[768, 280]
[767, 281]
[766, 281]
[765, 282]
[764, 282]
[763, 283]
[762, 284]
[761, 285]
[760, 285]
[759, 286]
[758, 287]
[757, 288]
[756, 288]
[755, 289]
[754, 290]
[753, 291]
[752, 292]
[751, 293]
[750, 293]
[749, 294]
[748, 295]
[747, 295]
[746, 296]
[745, 297]
[744, 298]
[743, 299]
[742, 300]
[741, 301]
[740, 301]
[739, 302]
[738, 303]
[737, 304]
[736, 305]
[735, 305]
[734, 306]
[733, 307]
[732, 308]
[731, 309]
[730, 309]
[729, 310]
[728, 311]
[727, 312]
[726, 312]
[725, 313]
[724, 314]
[723, 315]
[722, 316]
[721, 316]
[720, 317]
[719, 318]
[718, 319]
[717, 320]
[716, 321]
[715, 321]
[714, 322]
[713, 323]
[712, 324]
[711, 325]
[710, 325]
[709, 326]
[708, 327]
[707, 327]
[706, 328]
[705, 329]
[704, 330]
[703, 331]
[702, 332]
[701, 332]
[700, 333]
[699, 334]
[698, 335]
[697, 336]
[696, 337]
[695, 337]
[694, 338]
[693, 339]
[692, 340]
[691, 341]
[690, 342]
[689, 342]
[688, 343]
[687, 344]
[686, 344]
[685, 345]
[684, 346]
[683, 347]
[682, 348]
[681, 349]
[680, 349]
[679, 350]
[678, 351]
[677, 352]
[676, 353]
[675, 353]
[674, 354]
[673, 355]
[672, 356]
[671, 356]
[670, 357]
[669, 358]
[668, 359]
[667, 360]
[666, 361]
[665, 362]
[664, 362]
[663, 363]
[662, 364]
[661, 365]
[660, 366]
[659, 366]
[658, 367]
[657, 368]
[656, 369]
[655, 369]
[654, 370]
[653, 371]
[652, 372]
[651, 373]
[650, 373]
[649, 374]
[648, 375]
[647, 376]
[646, 377]
[645, 377]
[644, 378]
[643, 379]
[642, 380]
[641, 380]
[640, 381]
[639, 382]
[638, 383]
[637, 384]
[636, 385]
[635, 386]
[634, 386]
[633, 387]
[632, 388]
[631, 389]
[630, 390]
[629, 390]
[628, 391]
[627, 392]
[626, 393]
[625, 394]
[624, 394]
[623, 395]
[622, 396]
[621, 397]
[620, 397]
[619, 398]
[618, 399]
[617, 400]
[616, 401]
[615, 401]
[614, 402]
[613, 403]
[612, 404]
[611, 405]
[610, 405]
[609, 406]
[608, 407]
[607, 408]
[606, 409]
[605, 410]
[604, 411]
[603, 411]
[602, 412]
[601, 412]
[600, 413]
[599, 414]
[598, 415]
[597, 416]
[596, 417]
[595, 417]
[594, 418]
[593, 418]
[592, 419]
[591, 420]
[590, 420]
[589, 421]
[588, 422]
[587, 422]
[586, 423]
[585, 424]
[584, 424]
[583, 425]
[582, 425]
[581, 426]
[580, 427]
[579, 427]
[578, 428]
[577, 428]
[576, 428]
[575, 428]
[574, 429]
[573, 429]
[572, 430]
[571, 430]
[570, 430]
[569, 431]
[568, 431]
[567, 431]
[566, 431]
[565, 431]
[564, 432]
[563, 432]
[562, 432]
[561, 432]
[560, 432]
[559, 433]
[558, 433]
[557, 433]
[556, 433]
[555, 433]
[554, 433]
[553, 433]
[552, 433]
[551, 433]
[550, 434]
[549, 434]
[548, 434]
[547, 434]
[546, 434]
[545, 434]
[544, 434]
[543, 434]
[542, 434]
[541, 434]
[540, 434]
[539, 434]
[538, 434]
[537, 434]
[536, 434]
[535, 434]
[534, 434]
[533, 434]
[532, 434]
[531, 434]
[530, 434]
[529, 434]
[528, 434]
[527, 434]
[526, 434]
[525, 434]
[524, 434]
[523, 434]
[522, 434]
[521, 434]
[520, 434]
[519, 434]
[518, 434]
[517, 434]
[516, 434]
[515, 434]
[514, 434]
[513, 434]
[512, 434]
[511, 434]
[510, 434]
[509, 434]
[508, 434]
[507, 434]
[506, 434]
[505, 434]
[504, 434]
[503, 434]
[502, 434]
[501, 434]
[500, 434]
[499, 434]
[498, 434]
[497, 434]
[496, 434]
[495, 434]
[494, 434]
[493, 434]
[492, 434]
[491, 434]
[490, 434]
[489, 434]
[488, 434]
[487, 434]
[486, 434]
[485, 434]
[484, 434]
[483, 434]
[482, 434]
[481, 434]
[480, 434]
[479, 434]
[478, 434]
[477, 434]
[476, 434]
[475, 434]
[474, 434]
[473, 434]
[472, 434]
[471, 434]
[470, 434]
[469, 434]
[468, 434]
[467, 434]
[466, 434]
[465, 434]
[464, 434]
[463, 434]
[462, 434]
[461, 434]
[460, 434]
[459, 434]
[458, 434]
[457, 434]
[456, 434]
[455, 434]
[454, 434]
[453, 434]
[452, 434]
[451, 434]
[450, 434]
[449, 434]
[448, 434]
[447, 434]
[446, 434]
[445, 434]
[444, 434]
[443, 434]
[442, 434]
[441, 434]
[440, 434]
[439, 434]
[438, 434]
[437, 434]
[436, 434]
[435, 434]
[434, 434]
[433, 434]
[432, 434]
[431, 434]
[430, 434]
[429, 434]
[428, 434]
[427, 434]
[426, 434]
[425, 434]
[424, 434]
[423, 434]
[422, 434]
[421, 434]
[420, 434]
[419, 434]
[418, 434]
[417, 434]
[416, 434]
[415, 434]
[414, 434]
[413, 434]
[412, 434]
[411, 434]
[410, 434]
[409, 434]
[408, 434]
[407, 434]
[406, 434]
[405, 434]
[404, 434]
[403, 434]
[402, 434]
[401, 434]
[400, 434]
[399, 434]
[398, 434]
[397, 434]
[396, 434]
[395, 434]
[394, 434]
[393, 434]
[392, 434]
[391, 434]
[390, 434]
[389, 434]
[388, 434]
[387, 434]
[386, 434]
[385, 434]
[384, 434]
[383, 434]
[382, 434]
[381, 434]
[380, 434]
[379, 434]
[378, 434]
[377, 434]
[376, 434]
[375, 434]
[374, 434]
[373, 434]
[372, 434]
[371, 434]
[370, 434]
[369, 434]
[368, 434]
[367, 434]
[366, 434]
[365, 434]
[364, 434]
[363, 434]
[362, 434]
[361, 434]
[360, 434]
[359, 434]
[358, 434]
[357, 434]
[356, 434]
[355, 434]
[354, 434]
[353, 434]
[352, 434]
[351, 434]
[350, 434]
[349, 434]
[348, 434]
[347, 434]
[346, 434]
[345, 434]
[344, 434]
[343, 434]
[342, 434]
[341, 434]
[340, 434]
[339, 434]
[338, 434]
[337, 434]
[336, 434]
[335, 434]
[334, 434]
[333, 434]
[332, 434]
[331, 434]
[330, 434]
[329, 434]
[328, 434]
[327, 434]
[326, 434]
[325, 434]
[324, 434]
[323, 434]
[322, 434]
[321, 434]
[320, 434]
[319, 434]
[318, 434]
[317, 434]
[316, 434]
[315, 434]
[314, 434]
[313, 434]
[312, 435]
[311, 435]
[310, 435]
[309, 435]
[308, 435]
[307, 435]
[306, 435]
[305, 435]
[304, 435]
[303, 435]
[302, 436]
[301, 436]
[300, 437]
[299, 437]
[298, 437]
[297, 437]
[296, 437]
[295, 438]
[294, 438]
[293, 438]
[292, 438]
[291, 438]
[290, 438]
[289, 439]
[288, 440]
[287, 440]
[286, 440]
[285, 441]
[284, 441]
[283, 441]
[282, 442]
[281, 442]
[280, 442]
[279, 442]
[278, 443]
[277, 443]
[276, 444]
[275, 444]
[274, 445]
[273, 445]
[272, 445]
[271, 445]
[270, 446]
[269, 446]
[268, 447]
[267, 447]
[266, 447]
[265, 448]
[264, 448]
[263, 448]
[262, 448]
[261, 449]
[260, 449]
[259, 449]
[258, 450]
[257, 450]
[256, 451]
[255, 451]
[254, 451]
[253, 452]
[252, 452]
[251, 452]
[250, 453]
[249, 453]
[248, 454]
[247, 454]
[246, 454]
[245, 455]
[244, 455]
[243, 455]
[242, 455]
[241, 456]
[240, 456]
[239, 456]
[238, 457]
[237, 457]
[236, 458]
[235, 458]
[234, 458]
[233, 459]
[232, 459]
[231, 459]
[230, 460]
[229, 460]
[228, 461]
[227, 461]
[226, 461]
[225, 461]
[224, 462]
[223, 462]
[222, 462]
[221, 463]
[220, 463]
[219, 464]
[218, 464]
[217, 464]
[216, 465]
[215, 465]
[214, 465]
[213, 466]
[212, 466]
[211, 466]
[210, 466]
[209, 467]
[208, 467]
[207, 468]
[206, 468]
[205, 468]
[204, 469]
[203, 469]
[202, 469]
[201, 470]
[200, 470]
[199, 471]
[198, 471]
[197, 471]
[196, 472]
[195, 472]
[194, 472]
[193, 473]
[192, 473]
[191, 473]
[190, 473]
[189, 474]
[188, 474]
[187, 475]
[186, 475]
[185, 475]
[184, 476]
[183, 476]
[182, 476]
[181, 476]
[180, 477]
[179, 478]
[178, 478]
[177, 478]
[176, 479]
[175, 479]
[174, 479]
[173, 479]
[172, 480]
[171, 480]
[170, 481]
[169, 481]
[168, 481]
[167, 482]
[166, 482]
[165, 482]
[164, 482]
[163, 483]
[162, 483]
[161, 484]
[160, 484]
[159, 485]
[158, 485]
[157, 485]
[156, 485]
[155, 486]
[154, 486]
[153, 486]
[152, 487]
[151, 488]
[150, 488]
[149, 488]
[148, 488]
[147, 489]
[146, 489]
[145, 489]
[144, 490]
[143, 490]
[142, 490]
[141, 491]
[140, 491]
[139, 491]
[138, 492]
[137, 492]
[136, 492]
[135, 493]
[134, 493]
[133, 493]
[132, 494]
[131, 494]
[130, 495]
[129, 495]
[128, 495]
[127, 496]
[126, 496]
[125, 496]
[124, 497]
[123, 497]
[122, 498]
[121, 498]
[120, 498]
[119, 499]
[118, 499]
[117, 499]
[116, 499]
[115, 500]
[114, 500]
[113, 500]
[112, 500]
[111, 501]
[110, 502]
[109, 502]
[108, 502]
[107, 503]
[106, 503]
[105, 503]
[104, 503]
[103, 504]
[102, 505]
[101, 505]
[100, 505]
[99, 505]
[98, 506]
[97, 506]
[96, 506]
[95, 507]
[94, 507]
[93, 507]
[92, 508]
[91, 508]
[90, 509]
[89, 509]
[88, 509]
[87, 510]
[86, 510]
[85, 510]
[84, 510]
[83, 511]
[82, 511]
[81, 512]
[80, 512]
[79, 512]
[78, 513]
[77, 513]
[76, 513]
[75, 513]
[74, 514]
[73, 515]
[72, 515]
[71, 515]
[70, 516]
[69, 516]
[68, 516]
[67, 517]
[66, 517]
[65, 517]
[64, 517]
[63, 518]
[62, 518]
[61, 519]
[60, 519]
[59, 519]
[58, 520]
[57, 520]
[56, 520]
[55, 520]
[54, 521]
[53, 522]
[52, 522]
[51, 522]
[50, 522]
[49, 523]
[48, 523]
[47, 523]
[46, 524]
[45, 524]
[44, 525]
[43, 525]
[42, 526]
[41, 526]
[40, 526]
[39, 526]
[38, 527]
[37, 527]
[36, 527]
[35, 527]
[34, 528]
[33, 529]
[32, 529]
[31, 529]
[30, 529]
[29, 530]
[28, 530]
[27, 530]
[26, 531]
[25, 531]
[24, 532]
[23, 532]
[22, 532]
[21, 533]
[20, 533]
[19, 533]
[18, 534]
[17, 534]
[16, 535]
[15, 534]
[14, 535]
[13, 535]
[12, 536]
[11, 536]
[10, 536]
[9, 537]
[8, 537]
[7, 537]
[6, 538]
[5, 538]
[4, 538]
[3, 539]
[2, 539]
[1, 540]
